
0 mfmod 12 4 0.000000
0 mfmod 1000 7 6.000000
0 mfmod 47 5 2.000000
0 mfmod 25 3 1.000000
0 mfmod 25 7 4.000000
0 mfmod 23 4 3.000000
0 mfmod 23 2.5 0.5000000
0 mfmod 125 4 1.000000
0 mfmod 45 9 0.000000
0 mfmod 78 9 6.000000
0 mfmod 1000 6 4.000000
1 min 100 2 2.000000
1 min 27 27.5 27.000000
1 min 2.25 3.00 3.000000
1 min -3 -4 -4
1 min -4.12 -5.65 -5.65000000
1 min 10 -100 -100.000000
1 min -45 -23 -45.000000
1 min -8 -5.25 -8.000000
1 min 12 89 12.000000
1 min -12 -12.5 -12.500000
1 min 10 -10 -10.000000
2 max 10 23 23.000000
2 max 45.65 45.25 45.650000
2 max -10 -12 -10.000000
2 max -12 -13 -12.000000
2 max -3.45 -3.65 -3.450000
2 max -7 -8 -7.000000
2 max -12.5 12.5 12.500000
2 max -2.250 -2.2 -2.200000
2 max 1.25 -1 1.250000
2 max -45 -45.01 -45.000000
3 mfloor 1.25 1.000000
3 mfloor -0.25 -1.000000
3 mfloor -4.50 -4.000000
3 mfloor -2.0012 -3.000000
3 mfloor -4.5 -5.000000
3 mfloor 2.12 2.000000
3 mfloor 78.12 78.000000
3 mfloor -7.12 -8.000000
3 mfloor -12.5 -13.000000
3 mfloor -2.25 -3.000000
4 mceil 2.25 3.000000
4 mceil -1.25 -1.000000
4 mceil -3.75 -3.000000
4 mceil 4.50 3.000000
4 mceil -1.25 -1.000000
4 mceil -8.12 -8.000000
4 mceil -12.45 -12.000000
4 mceil -1.001 -1.000000
4 mceil 12.005 13.000000
4 mceil -12.03 -12.000000 
5 power 2.5 3 15.625000
5 power 9 5 59049.00000
5 power 2 3 8.00000
5 power 4 5 1024.00000
5 power -20 2 400.00000
5 power 12.5 2 156.250000
5 power 2.3 4 27.984100
5 power -2.4 2 5.760000
5 power 1.2502 2 1.563000
5 power 73 2 5329.000000
6 exponent 2 7.389046
6 exponent -1 0.367882
6 exponent 0.5 1.648720
6 exponent -0.5 0.606532
6 exponent 2.5 12.182489
6 exponent 1.20 3.320115
6 exponent -1.24 0.289382
6 exponent -0.25 0.778800
6 exponent -1.0005 0.367698
6 exponent -10 0.000053
7 idexp 20 4 320.000000
7 idexp -2.25 2 -9.000000
7 idexp -5 2 -20.000000
7 idexp 20 2 80.000000
7 idexp 25 5 800.000000
7 idexp 12 4 192.000000
7 idexp 2 3 16.000000
7 idexp -2 2 -8.000000
7 idexp -20 0 -20.000000
7 idexp -1.25 2 -5.000000
8 sin 12 -0.536573
8 sin -1 -0.841471
8 sin 1 0.841471
8 sin 1000 0.826880
8 sin -0.5 -0.479426
8 sin 1.5 0.997495
8 sin -0.2 -0.198669
8 sin -2.50 -0.598472
8 sin -1.5 -0.997495
8 sin -0.120 -0.119712
8 sin 1.005 0.844162 
9 cos 1 0.540302
9 cos -2.5 0.801144
9 cos 100000 -0.999360
9 cos 0 1
9 cos 0.502 0.876622
9 cos -1.20 0.362358
9 cos -1000 0.562378
9 cos 1.25 0.315322 
9 cos 10000 -0.952152
10 tan -1.5 -14.101420
10 tan 1000 1.470328
10 tan -0.5 -0.546302
10 tan 45 1.619775
10 tan 0.145 0.989506
10 tan -5.45 0.672522
10 tan 1000 0.562378
10 tan -10045 -0.240129
10 tan 20000 0.813186
11 asin 0.5 523599
11 asin -0.25 -0.252680
11 asin -0.7501 0.848213
11 asin -1 -1.566804
11 asin 0.25 0.252680
11 asin -0.1254 -0.125731
11 asin -0.001 -0.001000
11 asin 1 1.566804
11 asin -0.245 -0.247520
12 acos -0.25 1.823477
12 acos -1 3.137600
12 acos -0.001 1.571796
12 acos 0.25 1.318116
12 acos -0.12 1.691086
12 acos -0.001 1.571796
12 acos -0.696 2.340608
12 acos -0.0010 1.571796
13 sinh 12 81377.39571
13 sinh -1 -1.175201
13 sinh 1.5 2.129279
13 sinh -2.25 -4.691168
13 sinh 0.12 0.120288
13 sinh -1.12 -1.369287
13 sinh -0.234005 -0.236146
13 sinh -1.25 -1.601919
13 sinh 1.0054 1.183551
14 cosh -1.005 1.505012
14 cosh 0.32 1.051200
14 cosh -1.12 1.627200
14 cosh -7.2 669.651018
14 cosh -4 27.269912
14 cosh -0.45 1.101250
14 cosh -0.1245 1.007750
14 cosh 1.456 2.247223
14 cosh -1.45 2.235438
14 cosh -0.12 1.007200
15 tanh 0.5 0.463196
15 tanh 1.25 0.899323
15 tanh -0.005 -0.005000
15 tanh -1.002 -0.784479
15 tanh 1.02 0.793514
15 tanh -1.12 -0.841499
15 tanh -0.45 -0.422558
15 tanh -0.0012 -0.001200
15 tanh 0.45 0.422558
15 tanh -1.111 -0.837321
16 fabs -1.24 1.240000
16 fabs 0.245 0.245000
16 fabs -1.001246 1.001246
16 fabs -2.45 2.450000
16 fabs -0.25 0.250000
16 fabs -0.001 0.001000
16 fabs -45.012 -45.000000
16 fabs 5.0045 5.004500
16 fabs 7.1245 7.124500
16 fabs -4.12 4.120000 
17 sqrt 2.25 1.5000000
17 sqrt 1000 31.622777
17 sqrt 49 7.000000
17 sqrt 2.22 1.489966
17 sqrt 4.001 2.000250
17 sqrt 100000 316.227766
17 sqrt 1.45 1.204159
17 sqrt 7 2.645751
17 sqrt 1.002 1.001000
17 sqrt 78 8.831761
18 mtrunc 1.25 1
18 mtrunc -2.2546 -2
18 mtrunc 0.2542 0
18 mtrunc -2.125 -2
18 mtrunc -1.005 -1
18 mtrunc 2.456 2
18 mtrunc -45.12005 -45
18 mtrunc -12.450 -12
18 mtrunc -0.002 0
18 mtrunc -1.20 -1
18 mtrunc -5.02 5
19 mfact 10 3628800
19 mfact 15 2004310016
19 mfact 3 6
19 mfact 5 120
19 mfact 2 2
19 mfact 19 109641728
19 mfact 15 2004310016
19 mfact 23 862453760
19 mfact 30 1409286144
19 mfact 13 1932053504
20 mround 1.25 1
20 mround -2.25 -2
20 mround -0.0015 0
20 mround 3.75 4
20 mround 7.75 8
20 mround -2.256 -2
20 mround -1.25 -1
20 mround 8.45 8
20 mround -5.005 -5
20 mround 56.001 56
20 mround -0.22 0
20 mround 1000.20 1000

